530
356
58
734
901
61
391
962
214
48
790
284
171
652
127
873
690
375
981
756
654
942
326
180
336
869
139
894
980
875
816
217
21
472
76
253
566
749
553
990
369
484
589
220
122
828
457
44
937
905
923
714
25
215
647
762
644
407
29
347
472
609
366
714
47
848
57
290
478
584
944
640
234
477
9
953
654
517
602
743
396
876
486
299
646
191
83
560
519
702
869
484
986
128
281
852
418
549
166
709
429
770
689
704
156
622
937
632
100
579
285
364
936
361
713
806
554
377
655
623
334
378
890
177
864
261
314
355
465
665
230
231
556
633
494
526
126
73
12
205
864
236
359
170
663
882
869
653
283
178
30
790
29
332
414
565
403
576
55
524
679
428
291
882
623
411
744
110
677
51
915
951
297
906
74
284
717
960
419
222
320
381
174
841
220
426
780
221
127
461
528
101
317
952
199
330
943
971
582
335
264
516
19
923
121
132
964
168
85
259
106
457
736
438
96
747
96
306
910
438
422
116
988
965
858
904
872
342
88
744
890
372
313
791
515
189
739
181
628
406
915
152
880
619
799
757
292
1
310
555
309
558
815
877
692
791
554
269
469
212
319
8
347
845
895
549
982
537
301
305
99
398
727
916
114
593
852
168
28
323
77
622
814
851
897
92
103
564
848
207
320
5
950
398
113
481
229
426
196
963
463
381
79
242
387
921
559
19
511
927
137
438
985
344
806
159
768
119
444
851
396
526
725
930
882
558
331
927
381
49
417
59
16
896
1
235
679
94
421
854
94
397
464
814
402
931
171
361
294
6
838
918
520
679
249
548
431
27
14
322
68
301
87
883
376
89
408
628
562
550
9
451
859
769
778
704
152
329
172
461
106
732
976
290
209
618
447
210
639
169
977
11
978
993
504
461
191
920
383
868
315
940
871
357
737
447
453
641
99
974
415
533
363
379
294
688
332
774
102
152
921
147
24
933
395
919
708
834
949
214
701
230
902
431
222
463
405
350
338
635
482
581
524
302
651
623
624
176
344
463
875
759
186
774
627
282
640
317
33
1
422
273
837
782
856
666
534
723
979
766
422
684
132
873
787
521
561
211
272
603
148
788
241
776
213
672
958
931
453
862
525
30
787
195
629
113
726
857
866
322
665
168
818
778
528
761
492
526
694
279
540
943
561
616
855
448
290
926
764
696
148
606
446
112
221
389
200
306
740
365
308
996
208
873
416
406
707
368
602
728
338
104
59
389
747
295
453
877
139
385
539
855
822
495
571
979
569
388
594
914
709
883
409
584
121
639
169
911
496
862
169
737
757
153
827
682
679
26
976
486
461
869
265
685
171
730
950
189
720
714
338
787
285
525
879
505
176
142
237
561
238
1
219
845
625
190
443
446
773
282
866
726
357
615
608
536
50
254
902
265
99
7
342
461
425
179
515
973
496
149
237
526
313
524
354
321
764
86
674
146
807
496
566
254
157
290
186
968
140
56
259
960
309
725
855
55
185
573
333
144
838
199
158
49
794
889
296
978
205
763
531
347
284
38
462
981
611
534
841
922
142
848
612
599
731
73
553
645
469
904
847
148
448
53
461
304
783
477
230
507
807
685
13
97
65
377
61
540
429
697
480
781
265
950
817
3
259
986
121
529
780
900
509
225
357
559
739
877
554
883
525
511
154
882
810
314
633
942
463
900
309
191
84
405
235
850
506
462
640
396
474
133
64
393
317
497
86
696
455
73
374
492
245
866
700
845
663
850
947
740
752
491
532
141
153
631
738
683
875
646
539
256
286
945
460
547
278
559
454
676
483
430
666
892
842
895
661
322
427
223
360
975
12
692
224
61
606
724
696
124
278
32
805
386
779
595
720
441
383
749
648
912
53
500
968
243
798
954
858
658
993
323
886
932
330
621
56
292
955
532
420
982
121
659
74
681
319
702
908
364
159
366
815
761
693
902
340
28
74
802
725
686
733
824
392
927
458
423
791
327
784
263
404
671
279
359
716
906
146
327
262
7
146
377
710
560
637
851
508
978
381
243
282
209
177
605
209
938
963
386
211
337
777
985
389
33
522
591
245
473
330
75
975
523
300
60
369
565
330
597
626
526
188
847
711
817
22
473
587
854
274
517
71
58
213
153
976
787
859
102
486
231
663
947
800
218
944
981
142
214
207
523
601
455
22
615
1000
258
697
806
746
629
244
237
85
820
58
905
174
540
137
559
167
740
571
241
289
310
532
792
524
21
119
815
421
303
569
497
658
855
431
585
983
690
647
376
488
318
26
334
